  0.500000000      0.500000000    
  0.500000000      0.500000000    
  0.500000000      0.500000000    
  0.500000000      0.500000000    
  0.500000000      0.500000000    
  0.501323760      0.499361515    
  0.502647519      0.498723030    
  0.503971279      0.498084545    
  0.505295038      0.497446060    
  0.506618798      0.496807575    
  0.507942557      0.496169090    
  0.509266317      0.495530605    
  0.510590076      0.494892120    
  0.511913836      0.494253635    
  0.513237596      0.493615150    
  0.514561355      0.492976665    
  0.515885115      0.492338181    
  0.517208874      0.491699696    
  0.518532634      0.491061211    
  0.519856393      0.490422726    
  0.521180153      0.489784241    
  0.522503912      0.489145756    
  0.524895251      0.488033503    
  0.527286589      0.486921251    
  0.529677927      0.485808998    
  0.532069266      0.484696746    
  0.534460604      0.483584493    
  0.536851943      0.482472241    
  0.539243281      0.481359988    
  0.541634619      0.480247736    
  0.544025958      0.479135484    
  0.546417296      0.478023231    
  0.548808634      0.476910979    
  0.551199973      0.475798726    
  0.553591311      0.474686474    
  0.555982649      0.473574221    
  0.558373988      0.472461969    
  0.560765326      0.471349716    
  0.563156664      0.470237464    
  0.565548003      0.469125211    
  0.567939341      0.468012959    
  0.570330679      0.466900706    
  0.572722018      0.465788454    
  0.575113356      0.464676201    
  0.577504694      0.463563949    
  0.579896033      0.462451696    
  0.582287371      0.461339444    
  0.584678710      0.460227191    
  0.587070048      0.459114939    
  0.589461386      0.458002687    
  0.591852725      0.456890434    
  0.594244063      0.455778182    
  0.596635401      0.454665929    
  0.599026740      0.453553677    
  0.601418078      0.452441424    
  0.603809416      0.451329172    
  0.606200755      0.450216919    
  0.608592093      0.449104667    
  0.610983431      0.447992414    
  0.613374770      0.446880162    
  0.615766108      0.445767909    
  0.618157446      0.444655657    
  0.620548785      0.443543404    
  0.622940123      0.442431152    
  0.625331461      0.441318899    
  0.627722800      0.440206647    
  0.630114138      0.439094394    
  0.632505476      0.437982142    
  0.634896815      0.436869889    
  0.637288153      0.435757637    
  0.639679492      0.434645385    
  0.642070830      0.433533132    
  0.644462168      0.432420880    
  0.646853507      0.431308627    
  0.649244845      0.430196375    
  0.651636183      0.429084122    
  0.654027522      0.427971870    
  0.656418860      0.426859617    
  0.658810198      0.425747365    
  0.661201537      0.424635112    
  0.663592875      0.423522860    
  0.665984213      0.422410607    
  0.668375552      0.421298355    
  0.670766890      0.420186102    
  0.673158228      0.419073850    
  0.675549567      0.417961597    
  0.677940905      0.416849345    
  0.680332243      0.415737092    
  0.682723582      0.414624840    
  0.685114920      0.413512588    
  0.687506258      0.412400335    
  0.689897597      0.411288083    
  0.692288935      0.410175830    
  0.694680274      0.409063578    
  0.697071612      0.407951325    
  0.699462950      0.406839073    
  0.701854289      0.405726820    
  0.704245627      0.404614568    
  0.706636965      0.403502315    
  0.709028304      0.402390063    
  0.711419642      0.401277810    
  0.713810980      0.400165558    
  0.716202319      0.399053305    
  0.718593657      0.397941053    
  0.720984995      0.396828800    
  0.721805274      0.397234142    
  0.722625554      0.397639483    
  0.723445833      0.398044825    
  0.724266112      0.398450166    
  0.725086391      0.398855507    
  0.725906670      0.399260849    
  0.725321472      0.400590569    
  0.724736273      0.401920289    
  0.724151075      0.403250009    
  0.723565876      0.404579729    
  0.722980678      0.405909449    
  0.722395480      0.407239169    
  0.721810281      0.408568889    
  0.721225083      0.409898609    
  0.720639884      0.411228329    
  0.720054686      0.412558049    
  0.719469488      0.413887769    
  0.718884289      0.415217489    
  0.718299091      0.416547209    
  0.717713892      0.417876929    
  0.717128694      0.419206649    
  0.716543496      0.420536369    
  0.715958297      0.421866089    
  0.715373099      0.423195809    
  0.714787900      0.424525529    
  0.714202702      0.425855249    
  0.713617504      0.427184969    
  0.713032305      0.428514689    
  0.712447107      0.429844409    
  0.711861908      0.431174129    
  0.711276710      0.432503849    
  0.710691512      0.433833569    
  0.710106313      0.435163289    
  0.709521115      0.436493009    
  0.708935916      0.437822729    
  0.709179103      0.439073741    
  0.708640695      0.440372586    
  0.708783627      0.441585481    
  0.708276510      0.442866057    
  0.708288729      0.444049954    
  0.707770765      0.445336670    
  0.707581937      0.446517080    
  0.706941962      0.447889149    
  0.706414461      0.449181408    
  0.705541849      0.450870603    
  0.704669237      0.452559799    
  0.703796625      0.454248995    
  0.702924013      0.455938190    
  0.702051401      0.457627386    
  0.701178789      0.459316581    
  0.700306177      0.461005777    
  0.699433565      0.462694973    
  0.698560953      0.464384168    
  0.697688341      0.466073364    
  0.696815729      0.467762560    
  0.695943117      0.469451755    
  0.695070505      0.471140951    
  0.694197893      0.472830147    
  0.693325281      0.474519342    
  0.692452669      0.476208538    
  0.691580057      0.477897733    
  0.690707445      0.479586929    
  0.689834833      0.481276125    
  0.688962221      0.482965320    
  0.688500643      0.484374225    
  0.687831700      0.485961616    
  0.687500358      0.487185687    
  0.687169015      0.488409758    
  0.686837673      0.489633828    
  0.686506331      0.490857899    
  0.686174989      0.492081970    
  0.685843647      0.493306041    
  0.685512304      0.494530112    
  0.685180962      0.495754182    
  0.684849620      0.496978253    
  0.684518278      0.498202324    
  0.684186935      0.499426395    
  0.683855593      0.500650465    
  0.683524251      0.501874566    
  0.683192909      0.503098667    
  0.682861567      0.504322767    
  0.682530224      0.505546868    
  0.682198882      0.506770968    
  0.681867540      0.507995069    
  0.681536198      0.509219170    
  0.681204855      0.510443270    
  0.680873513      0.511667371    
  0.680542171      0.512891471    
  0.680210829      0.514115572    
  0.679879487      0.515339673    
  0.679548144      0.516563773    
  0.679216802      0.517787874    
  0.678885460      0.519011974    
  0.678554118      0.520236075    
  0.678222775      0.521460176    
  0.677891433      0.522684276    
  0.677560091      0.523908377    
  0.677228749      0.525132477    
  0.676897407      0.526356578    
  0.676566064      0.527580678    
  0.676234722      0.528804779    
  0.675903380      0.530028880    
  0.675572038      0.531252980    
  0.675240695      0.532477081    
  0.674909353      0.533701181    
  0.674578011      0.534925282    
  0.674246669      0.536149383    
  0.673915327      0.537373483    
  0.673583984      0.538597584    
  0.673252642      0.539821684    
  0.672921300      0.541045785    
  0.672589958      0.542269886    
  0.672258615      0.543493986    
  0.671927273      0.544718087    
  0.671595931      0.545942187    
  0.671264589      0.547166288    
  0.670933247      0.548390388    
  0.670601904      0.549614489    
  0.670270562      0.550838590    
  0.669939220      0.552062690    
  0.669607878      0.553286791    
  0.669276536      0.554510891    
  0.668945193      0.555734992    
  0.668613851      0.556959093    
  0.668282509      0.558183193    
  0.667951167      0.559407294    
  0.667619824      0.560631394    
  0.667288482      0.561855495    
  0.666957140      0.563079596    
  0.666625798      0.564303696    
  0.666294456      0.565527797    
  0.665963113      0.566751897    
  0.665631771      0.567975998    
  0.665300429      0.569200099    
  0.664969087      0.570424199    
  0.664637744      0.571648300    
  0.664306402      0.572872400    
  0.663975060      0.574096501    
  0.663643718      0.575320601    
  0.663312376      0.576544702    
  0.662981033      0.577768803    
  0.662649691      0.578992903    
  0.662318349      0.580217004    
  0.661987007      0.581441104    
  0.661655664      0.582665205    
  0.661324322      0.583889306    
  0.660992980      0.585113406    
  0.660661638      0.586337507    
  0.660330296      0.587561607    
  0.659998953      0.588785708    
  0.659667611      0.590009809    
  0.659336269      0.591233909    
  0.659004927      0.592458010    
  0.658673584      0.593682110    
  0.658342242      0.594906211    
  0.658010900      0.596130311    
  0.657679558      0.597354412    
  0.657348216      0.598578513    
  0.657016873      0.599802613    
  0.656685531      0.601026714    
  0.656354189      0.602250814    
  0.656022847      0.603474915    
  0.655691504      0.604699016    
  0.655360162      0.605923116    
  0.655028820      0.607147217    
  0.654697478      0.608371317    
  0.654366136      0.609595418    
  0.654034793      0.610819519    
  0.653703451      0.612043619    
  0.653372109      0.613267720    
  0.653040767      0.614491820    
  0.652709424      0.615715921    
  0.652378082      0.616940022    
  0.652046740      0.618164122    
  0.651715398      0.619388223    
  0.651384056      0.620612323    
  0.651052713      0.621836424    
  0.650721371      0.623060524    
  0.650390029      0.624284625    
  0.650058687      0.625508726    
  0.649727345      0.626732826    
  0.649396002      0.627956927    
  0.649064660      0.629181027    
  0.648733318      0.630405128    
  0.648401976      0.631629229    
  0.648070633      0.632853329    
  0.647739291      0.634077430    
  0.647407949      0.635301530    
  0.647076607      0.636525631    
  0.646745265      0.637749732    
  0.646413922      0.638973832    
  0.646082580      0.640197933    
  0.645751238      0.641422033    
  0.645419896      0.642646134    
  0.645088553      0.643870234    
  0.644757211      0.645094335    
  0.644425869      0.646318436    
  0.644094527      0.647542536    
  0.643763185      0.648766637    
  0.643431842      0.649990737    
  0.643100500      0.651214838    
